6753 COOL 12 01 2001 67.98 25 10
6292 ELEC 01 15 1994 56.89 80 01
7581 POPY 01 10 2012 90.90 20 00
9234 KLIO 01 30 2013 01.09 99 08
1010 PECH 02 01 1999 23.90 89 12
1013 KKIO 01 09 2018 34.55 10 01
1012 IXCo 06 19 2016 23.89 88 09
0023 VVIU 11 10 2014 90.90 98 00
0022 VV11 01 25 2013 23.45 23 05
0012 VYER 07 24 2012 89.90 20 02
0010 VYER 07 24 2012 89.78 50 02
9999 NCER 06 25 2012 11.90 10 05
1111 UUYY 07 30 2013 99.99 100 10
2221 JKLI 09 02 2010 45.90 150 19
9101 PPIO 04 02 2009 34.89 202 02
1000 POPN 02 29 2000 34.98 101 11
1909 XCVB 02 28 2012 54.90 009 02
2034 POIU 09 12 2010 99.09 109 09
3234 PQWQ 11 13 2014 23.78 450 76
4343 POPO 12 30 2012 45.89 190 29
9889 PIPO 01 25 2013 23.90 010 01
9909 PIPK 01 26 2012 29.99 012 01